# Create color scales
colscales <- list(list("#000000"),
    list(c("#377eb8", "#ff7f00")),
    list(c("#1b9e77", "#d95f02", "#7570b3")),
    list(c("#e41a1c", "#377eb8", "#4daf4a", "#984ea3")),
    list(c("#e41a1c", "#377eb8", "#4daf4a",
        "#984ea3", "#ff7f00")),
    list(c("#1b9e77", "#d95f02", "#7570b3", "#e7298a",
        "#66a61e", "#e6ab02")),
    list(c("#1b9e77", "#d95f02", "#7570b3", "#e7298a",
        "#66a61e", "#e6ab02", "#a6761d")),
    list(c("#1b9e77", "#d95f02", "#7570b3", "#e7298a",
        "#66a61e", "#e6ab02", "#a6761d", "#666666")),
    list(c("#1b9e77", "#d95f02", "#7570b3", "#e7298a",
        "#66a61e", "#e6ab02", "#a6761d", "#666666")))
